      0/15     5.62G   0.06346    0.0141   0.04144     0.119       108       640   0.02723    0.1909   0.02284   0.01212   0.06977   0.01571   0.04149
      1/15     14.2G   0.04467   0.01291   0.03798   0.09557        30       640   0.03448    0.1924    0.0365   0.01836    0.0646   0.01432    0.0398
      2/15     14.3G    0.0433   0.01161   0.03685   0.09176        44       640   0.08996    0.1098   0.01608  0.008982   0.08274   0.01378   0.04005
      3/15     14.2G   0.04569   0.01109   0.03674   0.09352        47       640  0.006648   0.01989 0.0009098 0.0004204    0.1095   0.01216   0.04084
      4/15     14.2G   0.04555   0.01105   0.03696   0.09356        16       640    0.3732    0.1731   0.03382   0.01887   0.06054   0.01399    0.0392
      5/15     14.2G   0.04204   0.01166   0.03575   0.08945        73       640    0.5165    0.1131    0.0524   0.03213   0.06108   0.01395   0.03832
      6/15     14.2G   0.04039   0.01179   0.03497   0.08715        30       640    0.4209     0.147   0.05589    0.0306   0.05757   0.01347   0.03784
      7/15     14.2G   0.03857   0.01185   0.03339   0.08382        44       640    0.2964    0.2049   0.06373   0.03755   0.05097   0.01299   0.03862
      8/15     14.2G   0.03619   0.01214   0.03227   0.08059        39       640    0.3447    0.1968   0.09741   0.05694    0.0491   0.01249   0.03665
      9/15     14.2G   0.03514   0.01204   0.03112   0.07831        61       640    0.3659    0.2016    0.1046   0.06348   0.04855   0.01222   0.03619
     10/15     14.2G    0.0338   0.01173   0.03012   0.07565        67       640     0.348    0.1784    0.1136   0.07158   0.04498    0.0117    0.0362
     11/15     14.2G    0.0325   0.01153   0.02932   0.07335        46       640    0.3157    0.2248    0.1235   0.08088   0.04764   0.01185    0.0353
     12/15     14.2G   0.03155   0.01157   0.02828    0.0714        46       640    0.3125    0.2146    0.1184    0.0765   0.04614   0.01196   0.03587
     13/15     14.2G     0.031   0.01176   0.02754    0.0703        32       640    0.3413    0.2521    0.1477   0.09716   0.04303   0.01156   0.03527
     14/15     14.2G   0.02996   0.01122   0.02675   0.06792        27       640    0.3889      0.24    0.1623    0.1106   0.04124   0.01122   0.03502
     15/15     14.2G   0.02968   0.01132   0.02579    0.0668        33       640    0.3694    0.2583     0.172    0.1179    0.0422   0.01146   0.03462
